0 1.001595377922058
1 1.0132005214691162
2 1.0043209791183472
3 0.9957791566848755
4 0.9866206049919128
5 0.9609189629554749
6 0.9585133790969849
7 0.8740248680114746
8 0.8455232381820679
9 0.7519081830978394
10 0.7050783038139343
11 0.9865134954452515
12 0.9736838340759277
13 0.9445738196372986
14 1.1508312225341797
15 0.9593587517738342
16 0.974298894405365
17 0.9873151779174805
18 0.9985761046409607
19 0.9767096042633057
20 0.9652769565582275
21 0.9068748354911804
22 0.8326054811477661
23 0.7806638479232788
24 0.6527764797210693
25 0.6583195328712463
26 0.4761779010295868
27 0.7368348240852356
28 0.672834575176239
29 0.6792200207710266
30 0.8979858756065369
31 0.9937825798988342
32 0.6452661752700806
33 0.6145662069320679
34 0.9750756025314331
35 1.0494658946990967
36 1.2706389427185059
37 1.1786354780197144
38 1.139335036277771
39 1.0193915367126465
40 1.0138447284698486
41 0.9496357440948486
42 0.9067882895469666
43 0.8742821216583252
44 0.8082330822944641
45 0.7106955051422119
46 0.632487416267395
47 0.5744845867156982
48 0.4700841009616852
49 0.5298053622245789
50 0.49678054451942444
51 0.7842648029327393
52 0.6274235248565674
53 0.730736255645752
54 0.6142379641532898
55 0.832054615020752
56 0.9232116341590881
57 0.9127383232116699
58 1.111387848854065
59 1.1231046915054321
60 1.1053348779678345
61 0.9512656331062317
62 0.8811389207839966
63 0.8422686457633972
64 0.7283427715301514
65 0.8365854620933533
66 0.8609297871589661
67 0.9567254185676575
68 1.0604608058929443
69 1.1404060125350952
70 1.0941966772079468
71 1.0395641326904297
72 0.997502863407135
73 1.0056346654891968
74 0.9531225562095642
75 0.9655591249465942
76 0.9403001070022583
77 0.8140556216239929
78 0.8362756371498108
79 0.8318222761154175
80 0.8728843927383423
81 0.8876228332519531
82 0.8442422747612
83 0.8143817782402039
84 0.9280529022216797
85 0.8893032670021057
86 0.8003390431404114
87 0.831606924533844
88 0.9650585651397705
89 0.8450353145599365
90 0.8621869087219238
91 0.8603768944740295
92 0.7776790261268616
93 0.7874152660369873
94 0.9743005633354187
95 0.8466712236404419
96 0.8650487065315247
97 0.8323060870170593
98 0.848212480545044
99 0.7984979152679443
100 0.9254557490348816
101 0.8664566278457642
102 0.9777734279632568
103 0.937860369682312
104 0.864176332950592
105 0.8674744963645935
106 0.9483051300048828
107 0.919487714767456
108 0.8464149832725525
109 0.7586821913719177
110 0.8971796035766602
111 0.8460100293159485
112 0.9852311611175537
113 0.8974674344062805
114 0.8887868523597717
115 0.9334150552749634
116 0.8792791962623596
117 0.8958299160003662
118 0.9064825177192688
119 0.8873445987701416
120 0.9070107936859131
121 0.8927100896835327
122 0.9003514051437378
123 0.9456725120544434
124 0.8942904472351074
125 0.9031784534454346
126 0.9022082686424255
127 0.9016232490539551
128 0.879875123500824
129 0.8662392497062683
130 0.8584253191947937
131 0.8423612117767334
132 0.8681604862213135
133 0.8626947999000549
134 0.8612123131752014
135 0.862485408782959
136 0.9234742522239685
137 0.8984788060188293
138 0.8663025498390198
139 0.8749870657920837
140 0.8374297618865967
141 0.9050590395927429
142 0.8643227219581604
143 0.876300573348999
144 0.9335576891899109
145 0.8658450245857239
146 0.8470785021781921
147 0.8455071449279785
148 0.819213330745697
149 0.7721300721168518
150 0.8629111647605896
151 0.8163191676139832
152 0.7978541851043701
153 0.8651320338249207
154 0.8248347640037537
155 0.8585566282272339
156 0.8518045544624329
157 0.8852471113204956
158 0.9269655346870422
159 0.9194872379302979
160 0.8942191004753113
161 0.887151300907135
162 0.8761115074157715
163 0.8559858798980713
164 0.8151288628578186
165 0.8570418953895569
166 0.9091055393218994
167 0.877031147480011
168 0.8171632885932922
169 0.8845463991165161
170 0.8642644882202148
171 0.8373507857322693
172 0.8624047636985779
173 0.8538578152656555
174 0.8216068148612976
175 0.8935218453407288
176 0.8327115178108215
177 0.8415651917457581
178 0.8477497100830078
179 0.8114235997200012
180 0.8345743417739868
181 0.872229278087616
182 0.8545159697532654
183 0.8236693739891052
184 0.8137830495834351
185 0.803702712059021
186 0.8460631370544434
187 0.8214330077171326
188 0.8509916067123413
189 0.82232266664505
190 0.7273267507553101
191 0.8210330009460449
192 0.8103979825973511
193 0.7687506675720215
194 0.7897906303405762
195 0.8342831134796143
196 0.8374805450439453
197 0.7502140402793884
198 0.803670346736908
199 0.8017006516456604
200 0.8060145378112793
201 0.713070809841156
202 0.808271050453186
203 0.8141049742698669
204 0.8288819789886475
205 0.8377629518508911
206 0.7592695951461792
207 0.74885493516922
208 0.6775343418121338
209 0.7777006030082703
210 0.6793659925460815
211 0.7712065577507019
212 0.7888445854187012
213 0.7675110101699829
214 0.7724654078483582
215 0.8179213404655457
216 0.8667994141578674
217 0.7690953016281128
218 0.7721768021583557
219 0.7626456022262573
220 0.8345348834991455
221 0.8164053559303284
222 0.7633254528045654
223 0.767203688621521
224 0.7677054405212402
225 0.7200384736061096
226 0.7299272418022156
227 0.7802633047103882
228 0.7790341377258301
229 0.8180814981460571
230 0.7694097757339478
231 0.7283527255058289
232 0.8695634007453918
233 0.989454448223114
234 0.8818318843841553
235 0.7768653631210327
236 0.798547625541687
237 0.7991052269935608
238 0.8070663809776306
239 0.8285293579101562
240 0.7695009112358093
241 0.7455077171325684
242 0.7338181734085083
243 0.823904275894165
244 0.7803605794906616
245 0.7444945573806763
246 0.8004949688911438
247 0.739627480506897
248 0.7628515958786011
249 0.8071228861808777
250 0.7300102114677429
251 0.7940323948860168
252 0.7393463850021362
253 0.8062537312507629
254 0.7492710947990417
255 0.7622733116149902
256 0.7720479965209961
257 0.8642716407775879
258 0.7640032172203064
259 0.7060352563858032
260 0.6992457509040833
261 0.7820149064064026
262 0.7183083295822144
263 0.810403048992157
264 0.8132644891738892
265 0.7676399946212769
266 0.8309646844863892
267 0.78383469581604
268 0.8497653007507324
269 0.7703455686569214
270 0.7445156574249268
271 0.7662587761878967
272 0.7628026604652405
273 0.7623067498207092
274 0.7651233673095703
275 0.7760431170463562
276 0.7761898636817932
277 0.7603009343147278
278 0.7744812965393066
279 0.7929221987724304
280 0.760236918926239
281 0.7657555341720581
282 0.8029733300209045
283 0.7588624954223633
284 0.7609364986419678
285 0.7941045761108398
286 0.7581297159194946
287 0.732157826423645
288 0.7640243172645569
289 0.7669368386268616
290 0.8088577389717102
291 0.7336635589599609
292 0.7441771030426025
293 0.7515329122543335
294 0.7737549543380737
295 0.766511857509613
296 0.8074880838394165
297 0.714561939239502
298 0.7929527759552002
299 0.7628066539764404
300 0.7436467409133911
301 0.7532181739807129
302 0.7518602013587952
303 0.7640005350112915
304 0.7842934727668762
305 0.7799564599990845
306 0.7675795555114746
307 0.7968625426292419
308 0.7835471034049988
309 0.8083890080451965
310 0.788352370262146
311 0.7977556586265564
312 0.7524347901344299
313 0.7861758470535278
314 0.7666230201721191
315 0.7908914089202881
316 0.732215166091919
317 0.7823596000671387
318 0.7752851843833923
319 0.7747395634651184
320 0.7775280475616455
321 0.7623302936553955
322 0.7706252932548523
323 0.7403013110160828
324 0.7915223240852356
325 0.7703599333763123
326 0.7763770818710327
327 0.753190279006958
328 0.7354236245155334
329 0.7460415959358215
330 0.8183843493461609
331 0.8491982817649841
332 0.7368112802505493
333 0.8115687370300293
334 0.8164212703704834
335 0.7877891063690186
336 0.8042929768562317
337 0.8185276985168457
338 0.7782794237136841
339 0.7444782853126526
340 0.8200129866600037
341 0.7526189088821411
342 0.7935641407966614
343 0.7408577799797058
344 0.766430139541626
345 0.7795498967170715
346 0.7810326218605042
347 0.7265797257423401
348 0.7636626958847046
349 0.7697796821594238
350 0.8251361846923828
351 0.7669800519943237
352 0.748254120349884
353 0.7588982582092285
354 0.8504597544670105
355 0.8066761493682861
356 0.7808959484100342
357 0.7940870523452759
358 0.7731380462646484
359 0.824813961982727
360 0.777144193649292
361 0.8038562536239624
362 0.7796183824539185
363 0.7779614329338074
364 0.8076079487800598
365 0.7482129335403442
366 0.7580838203430176
367 0.7629326581954956
368 0.7847350239753723
369 0.7879385352134705
370 0.820199191570282
371 0.76114422082901
372 0.7670712471008301
373 0.749973714351654
374 0.7500306963920593
375 0.7390883564949036
376 0.7361910343170166
377 0.8313918113708496
378 0.7959534525871277
379 0.7798575162887573
380 0.7535404562950134
381 0.7676772475242615
382 0.786520779132843
383 0.741032600402832
384 0.7478957772254944
385 0.7838007807731628
386 0.8058822154998779
387 0.7760631442070007
388 0.8227391839027405
389 0.7800989151000977
390 0.7752171754837036
391 0.7626355886459351
392 0.7809561491012573
393 0.7813390493392944
394 0.7873220443725586
395 0.7560696005821228
396 0.7631103992462158
397 0.7838175892829895
398 0.783121645450592
399 0.7970552444458008
400 0.7753804922103882
401 0.8032275438308716
402 0.7564330697059631
403 0.8527214527130127
404 0.8006723523139954
405 0.8126314282417297
406 0.8009389638900757
407 0.8154369592666626
408 0.8256663680076599
409 0.7970138192176819
410 0.8010313510894775
411 0.8632858991622925
412 0.7561715245246887
413 0.783923327922821
414 0.8120987415313721
415 0.7677881717681885
416 0.7819206714630127
417 0.750178873538971
418 0.7874824404716492
419 0.7613290548324585
420 0.7382818460464478
421 0.758774995803833
422 0.7797344326972961
423 0.7513400912284851
424 0.7815316319465637
425 0.807822048664093
426 0.7882564663887024
427 0.7953602075576782
428 0.791289746761322
429 0.7489933371543884
430 0.7852292656898499
431 0.7477372288703918
432 0.7667304277420044
433 0.8113641738891602
434 0.7986025214195251
435 0.7890294790267944
436 0.7424933910369873
437 0.7636741995811462
438 0.7906622290611267
439 0.7624393701553345
440 0.7435751557350159
441 0.7826802730560303
442 0.772306501865387
443 0.7861972451210022
444 0.8168542385101318
445 0.8090147972106934
446 0.7911341190338135
447 0.796775758266449
448 0.8133550882339478
449 0.7266747355461121
450 0.7677461504936218
451 0.7812700271606445
452 0.7742140889167786
453 0.7754813432693481
454 0.7903633713722229
455 0.7606863379478455
456 0.7568619847297668
457 0.7691675424575806
458 0.8152438402175903
459 0.7677597999572754
460 0.7558296322822571
461 0.7282949090003967
462 0.7895330786705017
463 0.7580531239509583
464 0.8330501914024353
465 0.8260950446128845
466 0.7844441533088684
467 0.8207307457923889
468 0.8082379102706909
469 0.7821512222290039
470 0.7861203551292419
471 0.7589348554611206
472 0.8473729491233826
473 0.8052686452865601
474 0.7878457903862
475 0.772698700428009
476 0.7864397764205933
477 0.8063084483146667
478 0.7989149689674377
479 0.7790119051933289
480 0.8009671568870544
481 0.7624542117118835
482 0.7502961158752441
483 0.8004512786865234
484 0.7398421168327332
485 0.7655795812606812
486 0.7483150362968445
487 0.77169269323349
488 0.7383152842521667
489 0.7735796570777893
490 0.7696413397789001
491 0.76993727684021
492 0.8059468865394592
493 0.771263062953949
494 0.7746718525886536
495 0.789695143699646
496 0.7900528311729431
497 0.750456690788269
498 0.7893528938293457
499 0.7828860878944397
500 0.7466220259666443
501 0.7299580574035645
502 0.7483277320861816
503 0.7748677134513855
504 0.744714081287384
505 0.8031696081161499
506 0.7323269844055176
507 0.7842715382575989
508 0.7978461384773254
509 0.7419959306716919
510 0.7654783129692078
511 0.7612732648849487
512 0.8272846341133118
513 0.8145821690559387
514 0.7915695905685425
515 0.787676215171814
516 0.7411755323410034
517 0.7828675508499146
518 0.7510946989059448
519 0.8078816533088684
520 0.8187825083732605
521 0.7925012707710266
522 0.8073379397392273
523 0.7544702887535095
524 0.771281361579895
525 0.7387508749961853
526 0.7960312366485596
527 0.7541183829307556
528 0.7722135186195374
529 0.7465958595275879
530 0.7297049164772034
531 0.8377440571784973
532 0.79273521900177
533 0.7763602137565613
534 0.7720358967781067
535 0.7544518709182739
536 0.8073079586029053
537 0.7924575209617615
538 0.8201929926872253
539 0.7949116230010986
540 0.7658675312995911
541 0.8093700408935547
542 0.7566416263580322
543 0.7617573738098145
544 0.8068867325782776
545 0.7839677929878235
546 0.7811736464500427
547 0.8474966883659363
548 0.8307973742485046
549 0.7928982377052307
550 0.7873527407646179
551 0.7570832371711731
552 0.8269699215888977
553 0.7674887180328369
554 0.7784081697463989
555 0.7547923922538757
556 0.7811726927757263
557 0.7735400199890137
558 0.8039426207542419
559 0.7527547478675842
560 0.7721807360649109
561 0.8408917784690857
562 0.7734009027481079
563 0.7935914993286133
564 0.7689406871795654
565 0.7496752738952637
566 0.7566206455230713
567 0.758674144744873
568 0.767648458480835
569 0.7560412287712097
570 0.7932034730911255
571 0.8110249042510986
572 0.793378472328186
573 0.7810099720954895
574 0.8042104840278625
575 0.7601117491722107
576 0.7819119691848755
577 0.7919744849205017
578 0.7555032968521118
579 0.7621150016784668
580 0.8176307082176208
581 0.7397411465644836
582 0.7601892948150635
583 0.8151212930679321
584 0.7977811694145203
585 0.7563962936401367
586 0.8185534477233887
587 0.7588112354278564
588 0.7491156458854675
589 0.7718673944473267
590 0.839052140712738
591 0.7613951563835144
592 0.7612668871879578
593 0.7825533151626587
594 0.7514241337776184
595 0.7950207591056824
596 0.7655029892921448
597 0.7187618017196655
598 0.7285202145576477
599 0.7733103036880493
600 0.7769443988800049
601 0.768974244594574
602 0.7434223890304565
603 0.760585606098175
604 0.7871775031089783
605 0.7682741284370422
606 0.757608950138092
607 0.8156059980392456
608 0.7988604307174683
609 0.7589085102081299
610 0.767504870891571
611 0.7137318253517151
612 0.7686125040054321
613 0.8197856545448303
614 0.8098309636116028
615 0.8009717464447021
616 0.8320443034172058
617 0.7769489288330078
618 0.8115696907043457
619 0.8459020853042603
620 0.8515053987503052
621 0.8295310735702515
622 0.8028854131698608
623 0.7681699991226196
624 0.7701740860939026
625 0.7996635437011719
626 0.770767867565155
627 0.7807155847549438
628 0.775514543056488
629 0.7874287366867065
630 0.748275637626648
631 0.7142864465713501
632 0.753777801990509
633 0.7837125658988953
634 0.7906947135925293
635 0.7610912322998047
636 0.7967382669448853
637 0.8217431306838989
638 0.8020530939102173
639 0.7465817928314209
640 0.7821044325828552
641 0.78288334608078
642 0.7801715731620789
643 0.7589889764785767
644 0.7763731479644775
645 0.7697433829307556
646 0.7726524472236633
647 0.824090838432312
648 0.7377051115036011
649 0.7702582478523254
650 0.8073652982711792
651 0.7847649455070496
652 0.7933337688446045
653 0.8382921814918518
654 0.7800986766815186
655 0.7960106134414673
656 0.8182377815246582
657 0.7758675813674927
658 0.8298711180686951
659 0.8103429079055786
660 0.8158984780311584
661 0.7836015224456787
662 0.7867483496665955
